PQ_images: 52.890261724949006
SQ_images: 83.0285050215039
RQ_images: 62.51266375691786
